altero Palatino

151, ’221021ωο142· 336 0, 457 0,
risio), 308, 581, 602⁰, 462 0, 783 OD,
642, 937, 1198 94601),104901),
110401),39401)
(w Β), 749 OD

0
295, 317, 422, 466,4621)Β
984, 992, arg. ¹3

2 Ι 4
40>< (oum Servio),
244, 262, 264, 266,
4460, 444, 422, 6222,
4442
Ι 6266240 1
¹91, 94x, 664, 622,ι6466

....---

, 4242 4
22, 26, 26, 426, 424,
226, 462, 642

Ι 2 2 1

242, 6ο, 62, 444, 262 2626 2

5 1
Ι243><, 651, 831, 90811091 Β
1097 (ibi in ras. ex
624 0)

4442 1 4

666, 246, 244 2.. 6 Β), 422 Β,

, 1
4
4

 

