· in uno 8111
altero Palatino

4141184184188, ··
881 8888818881
881, 8881881818,
811, 888, 881, 848,
481, 448, 488, 881,
818, 814, 881, 884,
888, 881, 814, 881,
8881181141, 1,11

188, 818 ,

1 88 1 8
8188111984 524 40, 126, 434, 470, (frgm XIXOED:
AOD 4914101861, Charisius) 161
1073 Β (811 11881118 881
00) 9244 00,
8600, 103 Β,
14300, 16800,
118 D, ,181 8,
2190024000,
, 2460031200,
326 00, 329 00,
335 00, 358 00,
3790038200,
3880040900,

881 (483 D,
818 D, 138811,
18881), 88481),
996 800, 1006
(11), 1818 811,
1848 81), 1141

811, 1188 811

 

